modelli_prodotti =

  430.0000
  200.0000
  508.0000


profitto =

       42300