acquisti =

   10.0000
   60.0000
         0


parco_macchine =

  340.0000


numeroFurg =

  140.0000


numeroAutoM =

  130.0000


numeroBerline =

   70.0000
